208, 131
213, 142
168, 141
260, 168
246, 149
277, 142
271, 163
302, 180
268, 173
305, 196
319, 225
367, 214
423, 169
471, 160
540, 208
588, 268
616, 270
644, 308
630, 446
647, 472
641, 459
656, 467
660, 450
646, 423
687, 447
666, 495
651, 495
711, 580
728, 584
714, 557
746, 560
735, 569
744, 617
769, 594
753, 624
771, 628
793, 700
842, 708
871, 759
902, 780
891, 788
871, 773
887, 799
947, 774
964, 782
978, 689
985, 678
990, 695
984, 555
868, 338
854, 294
869, 316
887, 314
892, 366
895, 322
805, 196
747, 61
759, 59
753, 43
691, 33
683, 98
661, 72
355, 83
333, 46
35, 70
70, 144
50, 165
77, 154
87, 125
99, 139
106, 118
122, 139
89, 152
169, 124
